image: alumni_center_2_low_res.pgm
resolution: 0.1
origin: [-32.400000, -25.200000, 0.000000]
negate: 0
occupied_thresh: 0.65
free_thresh: 0.196

